
state={
	id=10
	name="STATE_10"
	provinces={
		70 95 126 133 143 247 257 361 406 474 643 728 853 890 967 1094 1153 1348 1384 1394 1591 1632 1673 1777 2035 2098 2136 2165 2191 2319 2372 2373 2408 2431 2600 2852 2864 2865 2876 2886 3081 3082 3132 3165 3523 3526 3571 3599 3639 3673 3707 3747 3853 3897 3919 3962 4064 4088 4089 4249 4254 4340 4360 4480 4586 4678 4729 4883 4984 5055 5136 5207 5255 5282 5333 5490 5491 5712 5717 5737 5798 5887 5890 5900 5902 5907 5943 5955 6019 6305 6559 6702 6714 6890 7141 7302 7431 7565 7580 7792 7864 7950 8357 8429 8501 8711 8989 9060 9262 9362 9430 9524 9547 9565 9587 9623 9746 15261 15273 15276 15278 15279 15284 15286 15287 15294 15296 15297 15298 15308 15309 15318 15319 15325 15328 15334 15336 15337 15338 15341 15356 15375 15376 15386 15387 15393 15398 15410 15411 15420 15423 15428 15431 15433 15436 15438 15439 15446 15451 15456 15460 15471 15473 15475 15480 15485 15488 15492 15552 15560 
	}
	manpower=1
	state_category=town
	buildings_max_level_factor=1.000
    
    history={
		owner = JPN
		add_core_of = JPN
	}
    
}
