
state={
	id=12
	name="STATE_12"
	provinces={
		28 65 339 394 478 530 978 1053 1454 1567 2083 2155 2183 2562 2736 2927 3212 3305 3334 3351 3452 3748 4069 4590 4612 4801 4886 4887 4901 5141 5239 5302 5370 5466 5624 5793 5823 5862 5974 6691 7443 7547 7778 8017 8079 8110 8114 8156 8304 8319 8367 8555 8826 8968 9011 9025 9085 9091 9374 9454 9489 9499 9516 9585 9666 9727 15289 15291 15292 15299 15300 15301 15303 15304 15305 15311 15314 15315 15320 15323 15326 15329 15332 15335 15339 15344 15347 15349 15353 15354 15359 15360 15362 15363 15364 15367 15368 15369 15370 15371 15372 15378 15379 15380 15382 15385 15389 15391 15394 15399 15401 15404 15405 15417 
	}
    
    history={
		owner = ROK
		victory_points = { 15303 15 }
		add_core_of = ROK
		buildings = {
			infrastructure = 6
			industrial_complex = 1
			15303 = {
				naval_base=4
			}
		}
	}  
    
	manpower=531905
	buildings_max_level_factor=1.000
	state_category=town
}
