
state={
	id=19
	name="STATE_19"
	provinces={
		24 67 98 105 125 159 218 395 433 506 542 552 583 597 603 651 721 848 930 971 976 1043 1058 1071 1092 1114 1123 1134 1136 1146 1188 1191 1216 1220 1248 1282 1361 1368 1371 1455 1469 1485 1514 1625 1710 1720 1732 1806 1819 1851 1853 1881 2008 2032 2054 2160 2173 2196 2210 2290 2308 2356 2382 2428 2440 2487 2510 2588 2592 2670 2671 2680 2688 2740 2758 2882 2921 2923 2945 3013 3080 3120 3141 3161 3169 3174 3183 3197 3245 3318 3439 3464 3482 3510 3550 3579 3653 3684 3718 3806 3829 3876 3878 3998 4024 4054 4226 4242 4278 4285 4291 4303 4346 4402 4479 4574 4600 4639 4664 4694 4705 4774 4785 4937 4941 5016 5030 5196 5213 5232 5245 5332 5345 5354 5374 5377 5391 5423 5441 5446 5511 5561 5596 5617 5625 5638 5655 5790 5909 5911 5948 6003 6056 6062 6097 6122 6133 6222 6248 6311 6315 6324 6355 6406 6407 6415 6521 6602 6609 6673 6728 6751 6781 6817 6831 6850 6886 6924 6934 6948 6964 6982 7002 7015 7040 7065 7093 7114 7188 7221 7256 7259 7276 7291 7300 7304 7418 7423 7461 7480 7511 7553 7625 7668 7709 7742 7772 7780 7798 7802 7834 7901 8045 8068 8074 8121 8144 8157 8208 8315 8394 8413 8467 8519 8525 8526 8540 8554 8562 8571 8579 8593 8603 8611 8622 8651 8684 8724 8799 8828 8830 8847 8850 8904 8956 8974 8983 9104 9108 9128 9142 9143 9154 9202 9232 9248 9258 9288 9351 9421 9423 9497 9540 9575 9584 9621 9667 9691 9714 14401 14409 14411 14425 14430 14431 14435 14438 14449 14459 14460 14461 14463 14467 14470 14474 14492 14493 14495 14500 14502 14504 14508 14510 14526 14530 14531 14532 14534 14539 14540 14545 14546 14553 14559 14565 14570 14571 14572 14573 14576 14577 14580 14581 14582 14583 14586 14588 14589 14590 14591 14592 14593 14596 14600 14603 14604 14605 14606 14607 14609 14613 14614 14616 14617 14618 14622 14623 14624 14630 14631 14632 14634 14641 14642 14644 14647 14648 14652 14653 14658 14659 14660 14661 14664 14667 14668 14671 14672 14673 14674 14675 14677 14682 14684 14687 14689 14690 14691 14694 14697 14698 14699 14701 14702 14706 14711 14712 14715 14716 14717 14723 14725 14726 14728 14729 14730 14732 14733 14735 14736 14738 14741 14745 14746 14747 14754 14755 14757 14759 14760 14762 14765 14767 14768 14777 14778 14780 14781 14782 14784 14787 14792 14793 14797 14801 14802 14806 14810 14815 14817 14818 14823 14824 14832 14836 14843 14845 14848 14850 14853 14854 14857 14861 14863 14866 14870 14871 14875 14878 14879 14884 14885 14890 14893 14894 14896 14897 14898 14899 14902 14905 14906 14908 14909 14911 14914 14917 14920 14921 14922 14924 14925 14926 14932 14933 14934 14938 14939 14940 14943 14948 14949 14953 14956 14969 14971 14975 14976 14977 14979 14987 14990 14992 15004 15007 15009 15016 15045 15531 15533 17721 17722 
	}
    
    history={
		buildings = {
			infrastructure = 6
			arms_factory = 1
			industrial_complex = 1
		}
		owner = ROK
		add_core_of = ROK
	}  
    
	manpower=3160154
	state_category=large_town
	buildings_max_level_factor=1.000
}
