
state={
	id=26
	name="STATE_26"
	provinces={
		30 85 150 182 194 260 284 312 393 398 447 499 524 537 569 635 657 660 739 1075 1140 1174 1193 1258 1291 1317 1329 1351 1353 1372 1415 1430 1467 1501 1535 1536 1537 1602 1613 1624 1648 1656 1657 1832 1880 1897 1989 1995 1996 2027 2101 2109 2119 2123 2148 2199 2262 2282 2306 2329 2374 2384 2387 2388 2455 2463 2488 2584 2593 2645 2710 2748 2767 2792 2812 2817 2820 2827 2834 2837 2905 2914 2936 2966 2993 3241 3269 3282 3293 3425 3442 3501 3584 3587 3603 3617 3634 3657 3664 3690 3700 3706 3858 3863 3918 3951 3959 4010 4072 4102 4117 4161 4222 4224 4295 4344 4392 4444 4453 4466 4515 4543 4593 4631 4695 4701 4810 4859 4865 4879 4888 4904 4918 4952 5029 5063 5133 5154 5164 5195 5230 5369 5392 5412 5416 5419 5440 5527 5585 5644 5653 5697 5704 5765 5819 5844 5885 5919 5989 5991 5994 6000 6170 6174 6175 6181 6193 6241 6245 6280 6285 6345 6357 6378 6389 6420 6505 6509 6576 6637 6690 6725 6729 6797 6827 6873 6894 6899 6917 6925 6938 7000 7049 7101 7104 7121 7133 7151 7174 7249 7274 7275 7322 7428 7436 7473 7478 7486 7526 7550 7567 7610 7633 7653 7664 7738 7776 7781 7793 7828 7889 7938 7952 7958 7992 8033 8102 8180 8182 8186 8203 8214 8227 8288 8307 8344 8358 8376 8426 8441 8444 8493 8515 8541 8542 8549 8574 8592 8595 8599 8653 8654 8664 8672 8730 8768 8786 8853 8936 8952 8955 8971 9017 9080 9086 9107 9137 9139 9171 9177 9179 9206 9257 9267 9270 9278 9313 9315 9330 9339 9381 9440 9463 9472 9473 9487 9534 9545 9552 9670 9695 9705 9721 9777 13223 13240 13246 13249 13250 13262 13271 13274 13279 13282 13287 13288 13296 13300 13310 13317 13318 13320 13337 13339 13341 13343 13344 13345 13346 13348 13359 13363 13370 13375 13376 13377 13378 13381 13382 13386 13389 13392 13393 13394 13395 13397 13398 13401 13403 13411 13412 13413 13414 13417 13421 13425 13426 13427 13428 13429 13430 13431 13437 13440 13442 13444 13445 13447 13454 13455 13457 13462 13466 13472 13473 13475 13476 13478 13481 13482 13485 13486 13488 13496 13498 13499 13504 13505 13506 13507 13514 13522 13526 13527 13532 13533 13538 13541 13542 13545 13546 13550 13552 13553 13556 13558 13560 13565 13567 13568 13572 13577 13578 13580 13583 13585 13586 13587 13590 13591 13592 13593 13594 13596 13600 13604 13605 13607 13608 13611 13612 13613 13617 13618 13619 13622 13623 13624 13625 13627 13632 13633 13634 13635 13639 13640 13641 13642 13644 13645 13648 13649 13650 13652 13653 13654 13655 13656 13661 13662 13663 13664 13665 13666 13667 13668 13669 13671 13673 13674 13676 13677 13679 13684 13685 13686 13690 13695 13697 13700 13702 13703 13704 13705 13706 13711 13714 13715 13716 13718 13721 13729 13730 13731 13732 13734 13737 13738 13743 13745 13746 13747 13751 13752 13753 13754 13759 13760 13761 13763 13765 13770 13775 13780 13781 13786 13789 13790 13794 13795 13797 13799 13807 13808 13811 13812 13813 13848 17718 
	}
    
    history={
		buildings = {
			infrastructure = 6
			arms_factory = 2
			industrial_complex = 3
			dockyard = 1
		}
		owner = ROK
		add_core_of = ROK
	}  
    
	manpower=11379459
	state_category=large_city
	buildings_max_level_factor=1.000
}
