state={
	id=32
	name="STATE_32"
	provinces={
		508 609 762 987 1030 1586 2110 2243 2275 2330 2508 2739 2953 2983 3083 3211 3281 3319 3713 3719 3817 3880 4335 4351 4439 4468 4536 4554 4691 4832 4878 5061 5080 5174 5271 5378 5407 5430 5576 5641 6070 6125 6167 6179 6188 6306 6377 6419 6483 6498 6715 6753 6871 6939 7041 7396 7492 7606 7632 7669 7790 7878 8019 8020 8065 8083 8124 8158 8179 8188 8206 8310 8437 8735 8758 8804 8855 9083 9157 9191 9259 9491 9521 9603 9767 12640 12660 12676 12678 12682 12693 12697 12706 12708 12711 12712 12719 12725 12726 12727 12728 12731 12736 12737 12740 12743 12745 12748 12749 12754 12758 12762 12763 12764 12770 12771 12772 12781 12782 12790 12791 12798 12799 12800 12805 12810 12814 12816 12822 12825 12831 12836 12842 12864 
	}
    
    history={
		owner = WPK
		add_core_of = WPK
	}  
    
	manpower=3255288
	state_category=town
	buildings_max_level_factor=1.000
}
