
state={
	id=37
	name="STATE_37"
	provinces={
		54 111 140 186 190 261 391 456 484 487 532 541 550 556 601 608 741 799 836 862 866 900 931 951 969 979 997 1020 1145 1187 1247 1278 1305 1314 1318 1321 1343 1364 1391 1450 1482 1531 1534 1569 1579 1582 1647 1658 1665 1681 1697 1699 1745 1776 1891 1900 1956 2028 2036 2135 2190 2211 2229 2253 2283 2299 2451 2461 2522 2563 2569 2617 2636 2652 2668 2753 2799 2806 2808 2818 2903 2915 2928 2933 2946 2972 2974 3022 3060 3097 3107 3113 3130 3202 3276 3303 3320 3321 3374 3485 3492 3524 3533 3554 3558 3594 3605 3663 3677 3801 3815 3820 3834 3946 3952 3953 4051 4057 4065 4090 4103 4104 4124 4157 4218 4225 4243 4269 4288 4345 4401 4430 4445 4459 4488 4512 4516 4527 4542 4569 4579 4618 4660 4665 4666 4733 4797 4849 4850 4903 4926 4970 5012 5058 5087 5110 5130 5220 5247 5262 5263 5265 5266 5288 5303 5364 5438 5455 5526 5577 5686 5708 5725 5734 5751 5752 5775 5795 5806 5888 5893 5944 5945 5968 6013 6135 6153 6168 6205 6211 6257 6293 6332 6342 6367 6379 6394 6410 6417 6501 6507 6539 6575 6611 6622 6639 6642 6659 6669 6700 6731 6737 6758 6779 6798 6804 6828 6876 6918 6944 6969 6986 7007 7025 7048 7050 7068 7069 7086 7126 7162 7167 7178 7246 7293 7361 7373 7379 7380 7429 7444 7498 7605 7654 7671 7745 7749 7752 7804 7811 7836 7846 7850 7881 7909 7928 8024 8046 8060 8092 8112 8129 8161 8207 8222 8230 8241 8242 8256 8273 8355 8390 8395 8453 8478 8481 8492 8504 8548 8556 8630 8650 8676 8705 8709 8757 8762 8783 8803 8842 8848 8851 8861 8869 8872 8898 8980 8982 8991 8995 9008 9033 9058 9082 9114 9133 9147 9168 9176 9185 9250 9263 9277 9283 9331 9380 9389 9427 9481 9482 9498 9527 9530 9560 9574 9607 9634 9639 9643 9676 9696 9700 9743 9760 12052 12057 12078 12085 12097 12140 12143 12161 12163 12174 12176 12187 12198 12199 12206 12212 12218 12250 12252 12266 12285 12309 12324 12335 12365 12371 12383 12390 12392 12417 12423 12426 12435 12438 12439 12445 12447 12454 12455 12462 12467 12468 12472 12477 12486 12488 12489 12492 12493 12494 12495 12499 12500 12501 12503 12505 12506 12512 12513 12515 12516 12522 12523 12524 12525 12527 12529 12531 12536 12539 12540 12541 12542 12544 12545 12546 12549 12550 12551 12553 12554 12555 12556 12560 12561 12562 12563 12564 12565 12567 12568 12569 12570 12572 12573 12574 12575 12577 12578 12580 12582 12584 12585 12587 12589 12590 12592 12593 12595 12596 12597 12600 12603 12605 12607 12609 12611 12612 12616 12617 12618 12619 12620 12622 12623 12624 12625 12627 12628 12631 12632 12633 12634 12636 12637 12641 12643 12644 12645 12647 12648 12651 12652 12653 12654 12656 12657 12658 12659 12661 12663 12664 12665 12667 12668 12669 12670 12671 12672 12674 12675 12679 12680 12681 12684 12685 12687 12688 12689 12692 12695 12698 12699 12700 12702 12703 12704 12710 12715 12717 12720 12722 12723 12724 12730 12735 12741 12750 12751 12756 12761 12766 12768 12769 12779 12783 12784 12787 12794 12804 12808 12820 12823 12824 12834 12839 12845 12849 12850 12857 12859 12869 12874 12882 17712 
	}
    
    history={
		owner = WPK
		add_core_of = WPK
	}  
    
	manpower=1
	state_category=town
	buildings_max_level_factor=1.000
}
