
state={
	id=52
	name="STATE_52"
	provinces={
		200 488 504 590 921 1238 1251 1360 1549 1634 1669 1698 1955 2339 2395 2555 2725 3195 3532 3626 3835 4298 4302 4686 5100 5268 5273 5387 5637 5724 5789 5833 5864 6568 6570 6598 7179 7341 7464 8163 8184 9005 9279 9599 9825 9826 9827 9843 9876 9979 10024 10095 10101 10117 10139 10152 10248 
	}
    
    history={
		buildings = {
			infrastructure = 3
			}
		owner = RUS
		add_core_of = RUS
	}
    
	manpower=92404
	state_category=town
	buildings_max_level_factor=1.000
}
