
state={
	id=66
	name="STATE_66"
	provinces={
		249 286 446 709 984 1097 1160 1261 1790 2317 2526 2733 3290 3398 3565 3927 3987 4316 4530 4652 4804 4851 4899 4996 5074 5314 5481 5824 5852 5958 5963 5982 6074 6242 6495 6589 6682 6902 6910 6928 7095 7116 7258 7900 7902 8172 8226 8234 8375 8454 8727 8891 8905 8914 8929 9053 9094 9261 9467 9541 9582 9618 9751 15240 15244 15245 15255 15340 15343 15351 15361 15365 15366 15381 15383 15395 15396 15406 15408 15414 15415 15419 15424 15435 15440 15447 15453 15454 15459 15462 15464 15467 15469 15476 15479 15483 15486 15491 15496 15497 15498 15500 15504 15508 15555 15558 15559 15561 15562 15563 15564 15565 
	}
    
    history={
		buildings = {
			infrastructure = 7
			industrial_complex = 4
			dockyard = 1
		}
		owner = JPN
		add_core_of = JPN
	}
    
	manpower=1387171
	state_category=city
	buildings_max_level_factor=1.000
}
